memory.used [MiB], memory.total [MiB]
819 MiB, 16376 MiB
memory.used [MiB], memory.total [MiB]
819 MiB, 16376 MiB
memory.used [MiB], memory.total [MiB]
1054 MiB, 16376 MiB
memory.used [MiB], memory.total [MiB]
1162 MiB, 16376 MiB
memory.used [MiB], memory.total [MiB]
1226 MiB, 16376 MiB
memory.used [MiB], memory.total [MiB]
1224 MiB, 16376 MiB
memory.used [MiB], memory.total [MiB]
1224 MiB, 16376 MiB
memory.used [MiB], memory.total [MiB]
1226 MiB, 16376 MiB
memory.used [MiB], memory.total [MiB]
1226 MiB, 16376 MiB
memory.used [MiB], memory.total [MiB]
1226 MiB, 16376 MiB
memory.used [MiB], memory.total [MiB]
1226 MiB, 16376 MiB
memory.used [MiB], memory.total [MiB]
1226 MiB, 16376 MiB
memory.used [MiB], memory.total [MiB]
1226 MiB, 16376 MiB
memory.used [MiB], memory.total [MiB]
1226 MiB, 16376 MiB
memory.used [MiB], memory.total [MiB]
1226 MiB, 16376 MiB
memory.used [MiB], memory.total [MiB]
1226 MiB, 16376 MiB
memory.used [MiB], memory.total [MiB]
1224 MiB, 16376 MiB
memory.used [MiB], memory.total [MiB]
1224 MiB, 16376 MiB
memory.used [MiB], memory.total [MiB]
1224 MiB, 16376 MiB
memory.used [MiB], memory.total [MiB]
1224 MiB, 16376 MiB
memory.used [MiB], memory.total [MiB]
1224 MiB, 16376 MiB
memory.used [MiB], memory.total [MiB]
1224 MiB, 16376 MiB
memory.used [MiB], memory.total [MiB]
1224 MiB, 16376 MiB
memory.used [MiB], memory.total [MiB]
1224 MiB, 16376 MiB
memory.used [MiB], memory.total [MiB]
1224 MiB, 16376 MiB
memory.used [MiB], memory.total [MiB]
1224 MiB, 16376 MiB
memory.used [MiB], memory.total [MiB]
1224 MiB, 16376 MiB
memory.used [MiB], memory.total [MiB]
1224 MiB, 16376 MiB
memory.used [MiB], memory.total [MiB]
1224 MiB, 16376 MiB
memory.used [MiB], memory.total [MiB]
1224 MiB, 16376 MiB
memory.used [MiB], memory.total [MiB]
1224 MiB, 16376 MiB
memory.used [MiB], memory.total [MiB]
1224 MiB, 16376 MiB
memory.used [MiB], memory.total [MiB]
1224 MiB, 16376 MiB
memory.used [MiB], memory.total [MiB]
1224 MiB, 16376 MiB
memory.used [MiB], memory.total [MiB]
1224 MiB, 16376 MiB
memory.used [MiB], memory.total [MiB]
1226 MiB, 16376 MiB
memory.used [MiB], memory.total [MiB]
1226 MiB, 16376 MiB
memory.used [MiB], memory.total [MiB]
1226 MiB, 16376 MiB
memory.used [MiB], memory.total [MiB]
1226 MiB, 16376 MiB
memory.used [MiB], memory.total [MiB]
1226 MiB, 16376 MiB
memory.used [MiB], memory.total [MiB]
1226 MiB, 16376 MiB
memory.used [MiB], memory.total [MiB]
1226 MiB, 16376 MiB
memory.used [MiB], memory.total [MiB]
1226 MiB, 16376 MiB
memory.used [MiB], memory.total [MiB]
1226 MiB, 16376 MiB
memory.used [MiB], memory.total [MiB]
1226 MiB, 16376 MiB
memory.used [MiB], memory.total [MiB]
1226 MiB, 16376 MiB
memory.used [MiB], memory.total [MiB]
1226 MiB, 16376 MiB
memory.used [MiB], memory.total [MiB]
1226 MiB, 16376 MiB
memory.used [MiB], memory.total [MiB]
1226 MiB, 16376 MiB
memory.used [MiB], memory.total [MiB]
1226 MiB, 16376 MiB
memory.used [MiB], memory.total [MiB]
1226 MiB, 16376 MiB
memory.used [MiB], memory.total [MiB]
1226 MiB, 16376 MiB
memory.used [MiB], memory.total [MiB]
1226 MiB, 16376 MiB
memory.used [MiB], memory.total [MiB]
1226 MiB, 16376 MiB
memory.used [MiB], memory.total [MiB]
1226 MiB, 16376 MiB
memory.used [MiB], memory.total [MiB]
1226 MiB, 16376 MiB
memory.used [MiB], memory.total [MiB]
1226 MiB, 16376 MiB
memory.used [MiB], memory.total [MiB]
1226 MiB, 16376 MiB
memory.used [MiB], memory.total [MiB]
1226 MiB, 16376 MiB
memory.used [MiB], memory.total [MiB]
1226 MiB, 16376 MiB
memory.used [MiB], memory.total [MiB]
1226 MiB, 16376 MiB
memory.used [MiB], memory.total [MiB]
1226 MiB, 16376 MiB
memory.used [MiB], memory.total [MiB]
1226 MiB, 16376 MiB
memory.used [MiB], memory.total [MiB]
1226 MiB, 16376 MiB
memory.used [MiB], memory.total [MiB]
1226 MiB, 16376 MiB
memory.used [MiB], memory.total [MiB]
1226 MiB, 16376 MiB
memory.used [MiB], memory.total [MiB]
1226 MiB, 16376 MiB
memory.used [MiB], memory.total [MiB]
1226 MiB, 16376 MiB
memory.used [MiB], memory.total [MiB]
1226 MiB, 16376 MiB
memory.used [MiB], memory.total [MiB]
1226 MiB, 16376 MiB
memory.used [MiB], memory.total [MiB]
1226 MiB, 16376 MiB
memory.used [MiB], memory.total [MiB]
1226 MiB, 16376 MiB
memory.used [MiB], memory.total [MiB]
1226 MiB, 16376 MiB
memory.used [MiB], memory.total [MiB]
1226 MiB, 16376 MiB
memory.used [MiB], memory.total [MiB]
1226 MiB, 16376 MiB
memory.used [MiB], memory.total [MiB]
1226 MiB, 16376 MiB
memory.used [MiB], memory.total [MiB]
1226 MiB, 16376 MiB
memory.used [MiB], memory.total [MiB]
1226 MiB, 16376 MiB
memory.used [MiB], memory.total [MiB]
1226 MiB, 16376 MiB
memory.used [MiB], memory.total [MiB]
1226 MiB, 16376 MiB
memory.used [MiB], memory.total [MiB]
1226 MiB, 16376 MiB
memory.used [MiB], memory.total [MiB]
1226 MiB, 16376 MiB
memory.used [MiB], memory.total [MiB]
1226 MiB, 16376 MiB
memory.used [MiB], memory.total [MiB]
1226 MiB, 16376 MiB
memory.used [MiB], memory.total [MiB]
1226 MiB, 16376 MiB
memory.used [MiB], memory.total [MiB]
1226 MiB, 16376 MiB
memory.used [MiB], memory.total [MiB]
1226 MiB, 16376 MiB
memory.used [MiB], memory.total [MiB]
1226 MiB, 16376 MiB
memory.used [MiB], memory.total [MiB]
1226 MiB, 16376 MiB
memory.used [MiB], memory.total [MiB]
1226 MiB, 16376 MiB
memory.used [MiB], memory.total [MiB]
1226 MiB, 16376 MiB
memory.used [MiB], memory.total [MiB]
1226 MiB, 16376 MiB
memory.used [MiB], memory.total [MiB]
1226 MiB, 16376 MiB
memory.used [MiB], memory.total [MiB]
1226 MiB, 16376 MiB
memory.used [MiB], memory.total [MiB]
1226 MiB, 16376 MiB
memory.used [MiB], memory.total [MiB]
1226 MiB, 16376 MiB
memory.used [MiB], memory.total [MiB]
1226 MiB, 16376 MiB
memory.used [MiB], memory.total [MiB]
1226 MiB, 16376 MiB
memory.used [MiB], memory.total [MiB]
1226 MiB, 16376 MiB
memory.used [MiB], memory.total [MiB]
1226 MiB, 16376 MiB
memory.used [MiB], memory.total [MiB]
1226 MiB, 16376 MiB
memory.used [MiB], memory.total [MiB]
1226 MiB, 16376 MiB
memory.used [MiB], memory.total [MiB]
1226 MiB, 16376 MiB
memory.used [MiB], memory.total [MiB]
1226 MiB, 16376 MiB
memory.used [MiB], memory.total [MiB]
1226 MiB, 16376 MiB
memory.used [MiB], memory.total [MiB]
1226 MiB, 16376 MiB
memory.used [MiB], memory.total [MiB]
1226 MiB, 16376 MiB
memory.used [MiB], memory.total [MiB]
1226 MiB, 16376 MiB
memory.used [MiB], memory.total [MiB]
1226 MiB, 16376 MiB
memory.used [MiB], memory.total [MiB]
1226 MiB, 16376 MiB
memory.used [MiB], memory.total [MiB]
1226 MiB, 16376 MiB
memory.used [MiB], memory.total [MiB]
1226 MiB, 16376 MiB
memory.used [MiB], memory.total [MiB]
1226 MiB, 16376 MiB
memory.used [MiB], memory.total [MiB]
1170 MiB, 16376 MiB
memory.used [MiB], memory.total [MiB]
1224 MiB, 16376 MiB
memory.used [MiB], memory.total [MiB]
1224 MiB, 16376 MiB
memory.used [MiB], memory.total [MiB]
1226 MiB, 16376 MiB
memory.used [MiB], memory.total [MiB]
1226 MiB, 16376 MiB
memory.used [MiB], memory.total [MiB]
1226 MiB, 16376 MiB
memory.used [MiB], memory.total [MiB]
1226 MiB, 16376 MiB
memory.used [MiB], memory.total [MiB]
1226 MiB, 16376 MiB
memory.used [MiB], memory.total [MiB]
1226 MiB, 16376 MiB
memory.used [MiB], memory.total [MiB]
1226 MiB, 16376 MiB
memory.used [MiB], memory.total [MiB]
1226 MiB, 16376 MiB
memory.used [MiB], memory.total [MiB]
1064 MiB, 16376 MiB
